100 100
255 255 255 255 255 255 255 255 255 255 255 255 255 255 255 255 255 255 255 255 255 255 255 255 255 255 255 255 255 255 255 255 255 255 255 255 255 255 255 255 255 255 255 255 255 255 255 255 255 255 255 255 255 255 255 255 255 255 255 255 255 255 255 255 255 255 255 255 255 255 255 255 255 255 255 255 255 255 255 255 255 255 255 255 255 255 255 255 255 255 255 255 255 255 255 255 255 255 255 255 
255 255 255 255 255 254 254 254 254 254 254 254 254 254 254 253 253 253 253 253 253 253 253 253 253 253 252 252 252 252 252 252 252 252 252 252 252 252 252 252 252 252 252 252 252 252 252 252 252 252 252 252 252 252 252 252 252 252 252 252 252 252 252 252 252 252 252 252 252 252 252 252 252 252 253 253 253 253 253 253 253 253 253 253 253 254 254 254 254 254 254 254 254 254 254 255 255 255 255 255 
255 255 255 254 254 254 254 253 253 253 253 253 252 252 252 252 252 251 251 251 251 251 251 250 250 250 250 250 250 250 249 249 249 249 249 249 249 249 249 249 248 248 248 248 248 248 248 248 248 248 248 248 248 248 248 248 248 248 248 248 249 249 249 249 249 249 249 249 249 249 250 250 250 250 250 250 250 251 251 251 251 251 251 252 252 252 252 252 253 253 253 253 253 254 254 254 254 255 255 255 
255 255 254 254 254 253 253 253 252 252 252 251 251 251 251 250 250 250 249 249 249 249 248 248 248 248 247 247 247 247 247 246 246 246 246 246 246 246 245 245 245 245 245 245 245 245 245 245 245 245 245 245 245 245 245 245 245 245 245 245 245 245 246 246 246 246 246 246 246 247 247 247 247 247 248 248 248 248 249 249 249 249 250 250 250 251 251 251 251 252 252 252 253 253 253 254 254 254 255 255 
255 255 254 254 253 253 252 252 252 251 251 250 250 249 249 249 248 248 248 247 247 246 246 246 246 245 245 245 244 244 244 244 243 243 243 243 243 242 242 242 242 242 242 242 242 241 241 241 241 241 241 241 241 241 241 242 242 242 242 242 242 242 242 243 243 243 243 243 244 244 244 244 245 245 245 246 246 246 246 247 247 248 248 248 249 249 249 250 250 251 251 252 252 252 253 253 254 254 255 255 
255 254 254 253 253 252 252 251 251 250 250 249 249 248 248 247 247 246 246 245 245 244 244 244 243 243 242 242 242 241 241 241 240 240 240 240 239 239 239 239 239 239 238 238 238 238 238 238 238 238 238 238 238 238 238 238 238 238 239 239 239 239 239 239 240 240 240 240 241 241 241 242 242 242 243 243 244 244 244 245 245 246 246 247 247 248 248 249 249 250 250 251 251 252 252 253 253 254 254 255 
255 254 254 253 252 252 251 250 250 249 249 248 247 247 246 246 245 244 244 243 243 242 242 241 241 240 240 239 239 239 238 238 238 237 237 237 236 236 236 236 235 235 235 235 235 235 235 235 235 235 235 235 235 235 235 235 235 235 235 235 236 236 236 236 237 237 237 238 238 238 239 239 239 240 240 241 241 242 242 243 243 244 244 245 246 246 247 247 248 249 249 250 250 251 252 252 253 254 254 255 
255 254 253 253 252 251 250 250 249 248 248 247 246 245 245 244 243 243 242 241 241 240 240 239 238 238 237 237 236 236 236 235 235 234 234 234 233 233 233 232 232 232 232 232 232 231 231 231 231 231 231 231 231 231 231 232 232 232 232 232 232 233 233 233 234 234 234 235 235 236 236 236 237 237 238 238 239 240 240 241 241 242 243 243 244 245 245 246 247 248 248 249 250 250 251 252 253 253 254 255 
255 254 253 252 252 251 250 249 248 247 246 246 245 244 243 242 242 241 240 240 239 238 237 237 236 236 235 234 234 233 233 232 232 231 231 231 230 230 230 229 229 229 229 228 228 228 228 228 228 228 228 228 228 228 228 228 228 229 229 229 229 230 230 230 231 231 231 232 232 233 233 234 234 235 236 236 237 237 238 239 240 240 241 242 242 243 244 245 246 246 247 248 249 250 251 252 252 253 254 255 
255 254 253 252 251 250 249 248 247 246 245 245 244 243 242 241 240 239 238 238 237 236 235 235 234 233 233 232 231 231 230 230 229 229 228 228 227 227 227 226 226 226 225 225 225 225 225 225 225 225 225 225 225 225 225 225 225 225 226 226 226 227 227 227 228 228 229 229 230 230 231 231 232 233 233 234 235 235 236 237 238 238 239 240 241 242 243 244 245 245 246 247 248 249 250 251 252 253 254 255 
255 254 253 252 251 250 249 248 246 245 244 243 242 241 240 239 239 238 237 236 235 234 233 232 232 231 230 229 229 228 227 227 226 226 225 225 224 224 223 223 223 222 222 222 222 222 221 221 221 221 221 221 221 221 222 222 222 222 222 223 223 223 224 224 225 225 226 226 227 227 228 229 229 230 231 232 232 233 234 235 236 237 238 239 239 240 241 242 243 244 245 246 248 249 250 251 252 253 254 255 
255 254 253 251 250 249 248 247 246 245 243 242 241 240 239 238 237 236 235 234 233 232 231 230 229 229 228 227 226 225 225 224 224 223 222 222 221 221 220 220 220 219 219 219 219 218 218 218 218 218 218 218 218 218 218 219 219 219 219 220 220 220 221 221 222 222 223 224 224 225 225 226 227 228 229 229 230 231 232 233 234 235 236 237 238 239 240 241 242 243 245 246 247 248 249 250 251 253 254 255 
255 254 252 251 250 249 247 246 245 244 242 241 240 239 238 236 235 234 233 232 231 230 229 228 227 226 225 225 224 223 222 221 221 220 220 219 218 218 217 217 217 216 216 216 215 215 215 215 215 215 215 215 215 215 215 215 216 216 216 217 217 217 218 218 219 220 220 221 221 222 223 224 225 225 226 227 228 229 230 231 232 233 234 235 236 238 239 240 241 242 244 245 246 247 249 250 251 252 254 255 
255 254 252 251 249 248 247 245 244 243 241 240 239 238 236 235 234 233 231 230 229 228 227 226 225 224 223 222 221 220 220 219 218 217 217 216 216 215 214 214 214 213 213 213 212 212 212 212 212 212 212 212 212 212 212 212 213 213 213 214 214 214 215 216 216 217 217 218 219 220 220 221 222 223 224 225 226 227 228 229 230 231 233 234 235 236 238 239 240 241 243 244 245 247 248 249 251 252 254 255 
255 254 252 251 249 248 246 245 243 242 240 239 238 236 235 234 232 231 230 229 227 226 225 224 223 222 221 220 219 218 217 216 215 215 214 213 213 212 212 211 211 210 210 209 209 209 209 209 209 209 209 209 209 209 209 209 209 210 210 211 211 212 212 213 213 214 215 215 216 217 218 219 220 221 222 223 224 225 226 227 229 230 231 232 234 235 236 238 239 240 242 243 245 246 248 249 251 252 254 255 
255 253 252 250 249 247 246 244 242 241 239 238 236 235 234 232 231 229 228 227 226 224 223 222 221 220 219 217 216 215 215 214 213 212 211 211 210 209 209 208 208 207 207 206 206 206 206 206 206 205 205 206 206 206 206 206 206 207 207 208 208 209 209 210 211 211 212 213 214 215 215 216 217 219 220 221 222 223 224 226 227 228 229 231 232 234 235 236 238 239 241 242 244 246 247 249 250 252 253 255 
255 253 252 250 248 247 245 243 242 240 239 237 235 234 232 231 229 228 226 225 224 222 221 220 219 217 216 215 214 213 212 211 210 209 209 208 207 206 206 205 205 204 204 204 203 203 203 203 203 202 202 203 203 203 203 203 204 204 204 205 205 206 206 207 208 209 209 210 211 212 213 214 215 216 217 219 220 221 222 224 225 226 228 229 231 232 234 235 237 239 240 242 243 245 247 248 250 252 253 255 
255 253 251 250 248 246 244 243 241 239 238 236 234 233 231 229 228 226 225 223 222 221 219 218 217 215 214 213 212 211 210 209 208 207 206 205 204 204 203 202 202 201 201 201 200 200 200 200 200 199 199 200 200 200 200 200 201 201 201 202 202 203 204 204 205 206 207 208 209 210 211 212 213 214 215 217 218 219 221 222 223 225 226 228 229 231 233 234 236 238 239 241 243 244 246 248 250 251 253 255 
255 253 251 249 248 246 244 242 240 238 237 235 233 231 230 228 226 225 223 222 220 219 217 216 215 213 212 211 210 208 207 206 205 204 203 203 202 201 200 200 199 199 198 198 197 197 197 197 197 197 197 197 197 197 197 197 198 198 199 199 200 200 201 202 203 203 204 205 206 207 208 210 211 212 213 215 216 217 219 220 222 223 225 226 228 230 231 233 235 237 238 240 242 244 246 248 249 251 253 255 
255 253 251 249 247 245 243 241 240 238 236 234 232 230 229 227 225 223 222 220 219 217 215 214 213 211 210 209 207 206 205 204 203 202 201 200 199 198 198 197 196 196 195 195 195 194 194 194 194 194 194 194 194 194 194 195 195 195 196 196 197 198 198 199 200 201 202 203 204 205 206 207 209 210 211 213 214 215 217 219 220 222 223 225 227 229 230 232 234 236 238 240 241 243 245 247 249 251 253 255 
255 253 251 249 247 245 243 241 239 237 235 233 231 229 227 226 224 222 220 219 217 215 214 212 211 209 208 206 205 204 203 202 200 199 198 198 197 196 195 194 194 193 193 192 192 192 191 191 191 191 191 191 191 191 192 192 192 193 193 194 194 195 196 197 198 198 199 200 202 203 204 205 206 208 209 211 212 214 215 217 219 220 222 224 226 227 229 231 233 235 237 239 241 243 245 247 249 251 253 255 
255 253 251 249 246 244 242 240 238 236 234 232 230 228 226 224 222 221 219 217 215 214 212 210 209 207 206 204 203 202 201 199 198 197 196 195 194 193 193 192 191 191 190 190 189 189 189 188 188 188 188 188 188 189 189 189 190 190 191 191 192 193 193 194 195 196 197 198 199 201 202 203 204 206 207 209 210 212 214 215 217 219 221 222 224 226 228 230 232 234 236 238 240 242 244 246 249 251 253 255 
255 253 251 248 246 244 242 240 237 235 233 231 229 227 225 223 221 219 217 215 214 212 210 209 207 205 204 202 201 200 198 197 196 195 194 193 192 191 190 189 189 188 188 187 187 186 186 186 186 186 186 186 186 186 186 187 187 188 188 189 189 190 191 192 193 194 195 196 197 198 200 201 202 204 205 207 209 210 212 214 215 217 219 221 223 225 227 229 231 233 235 237 240 242 244 246 248 251 253 255 
255 253 250 248 246 244 241 239 237 235 232 230 228 226 224 222 220 218 216 214 212 210 209 207 205 204 202 200 199 198 196 195 194 193 191 190 189 189 188 187 186 186 185 185 184 184 183 183 183 183 183 183 183 183 184 184 185 185 186 186 187 188 189 189 190 191 193 194 195 196 198 199 200 202 204 205 207 209 210 212 214 216 218 220 222 224 226 228 230 232 235 237 239 241 244 246 248 250 253 255 
255 253 250 248 246 243 241 238 236 234 232 229 227 225 223 221 219 217 215 213 211 209 207 205 203 202 200 199 197 196 194 193 192 190 189 188 187 186 185 185 184 183 183 182 182 181 181 181 181 181 181 181 181 181 181 182 182 183 183 184 185 185 186 187 188 189 190 192 193 194 196 197 199 200 202 203 205 207 209 211 213 215 217 219 221 223 225 227 229 232 234 236 238 241 243 246 248 250 253 255 
255 253 250 248 245 243 240 238 236 233 231 229 226 224 222 220 217 215 213 211 209 207 205 204 202 200 198 197 195 194 192 191 190 188 187 186 185 184 183 182 182 181 180 180 179 179 179 178 178 178 178 178 178 179 179 179 180 180 181 182 182 183 184 185 186 187 188 190 191 192 194 195 197 198 200 202 204 205 207 209 211 213 215 217 220 222 224 226 229 231 233 236 238 240 243 245 248 250 253 255 
255 252 250 247 245 242 240 237 235 233 230 228 225 223 221 219 216 214 212 210 208 206 204 202 200 198 197 195 193 192 190 189 188 186 185 184 183 182 181 180 179 179 178 177 177 177 176 176 176 176 176 176 176 176 177 177 177 178 179 179 180 181 182 183 184 185 186 188 189 190 192 193 195 197 198 200 202 204 206 208 210 212 214 216 219 221 223 225 228 230 233 235 237 240 242 245 247 250 252 255 
255 252 250 247 245 242 239 237 234 232 229 227 225 222 220 217 215 213 211 209 206 204 202 200 199 197 195 193 192 190 188 187 186 184 183 182 181 180 179 178 177 176 176 175 175 174 174 174 174 173 173 174 174 174 174 175 175 176 176 177 178 179 180 181 182 183 184 186 187 188 190 192 193 195 197 199 200 202 204 206 209 211 213 215 217 220 222 225 227 229 232 234 237 239 242 245 247 250 252 255 
255 252 250 247 244 242 239 236 234 231 229 226 224 221 219 216 214 212 210 207 205 203 201 199 197 195 193 192 190 188 187 185 184 182 181 180 179 178 177 176 175 174 174 173 173 172 172 172 171 171 171 171 172 172 172 173 173 174 174 175 176 177 178 179 180 181 182 184 185 187 188 190 192 193 195 197 199 201 203 205 207 210 212 214 216 219 221 224 226 229 231 234 236 239 242 244 247 250 252 255 
255 252 250 247 244 241 239 236 233 231 228 225 223 220 218 215 213 211 208 206 204 202 200 198 196 194 192 190 188 187 185 183 182 181 179 178 177 176 175 174 173 172 172 171 170 170 170 169 169 169 169 169 169 170 170 170 171 172 172 173 174 175 176 177 178 179 181 182 183 185 187 188 190 192 194 196 198 200 202 204 206 208 211 213 215 218 220 223 225 228 231 233 236 239 241 244 247 250 252 255 
255 252 249 247 244 241 238 236 233 230 227 225 222 220 217 215 212 210 207 205 203 201 198 196 194 192 190 188 187 185 183 182 180 179 177 176 175 174 173 172 171 170 170 169 168 168 168 167 167 167 167 167 167 168 168 168 169 170 170 171 172 173 174 175 176 177 179 180 182 183 185 187 188 190 192 194 196 198 201 203 205 207 210 212 215 217 220 222 225 227 230 233 236 238 241 244 247 249 252 255 
255 252 249 246 244 241 238 235 232 230 227 224 221 219 216 214 211 209 206 204 202 199 197 195 193 191 189 187 185 183 182 180 179 177 176 174 173 172 171 170 169 168 168 167 167 166 166 166 165 165 165 165 166 166 166 167 167 168 168 169 170 171 172 173 174 176 177 179 180 182 183 185 187 189 191 193 195 197 199 202 204 206 209 211 214 216 219 221 224 227 230 232 235 238 241 244 246 249 252 255 
255 252 249 246 243 240 238 235 232 229 226 224 221 218 215 213 210 208 205 203 200 198 196 194 192 190 188 186 184 182 180 179 177 176 174 173 172 170 169 168 168 167 166 165 165 164 164 164 164 163 163 164 164 164 164 165 165 166 167 168 168 169 170 172 173 174 176 177 179 180 182 184 186 188 190 192 194 196 198 200 203 205 208 210 213 215 218 221 224 226 229 232 235 238 240 243 246 249 252 255 
255 252 249 246 243 240 237 234 231 229 226 223 220 217 215 212 209 207 204 202 199 197 195 193 190 188 186 184 182 181 179 177 176 174 173 171 170 169 168 167 166 165 164 164 163 163 162 162 162 162 162 162 162 162 163 163 164 164 165 166 167 168 169 170 171 173 174 176 177 179 181 182 184 186 188 190 193 195 197 199 202 204 207 209 212 215 217 220 223 226 229 231 234 237 240 243 246 249 252 255 
255 252 249 246 243 240 237 234 231 228 225 222 220 217 214 211 209 206 203 201 198 196 194 191 189 187 185 183 181 179 177 176 174 173 171 170 169 167 166 165 164 163 163 162 161 161 161 160 160 160 160 160 160 161 161 161 162 163 163 164 165 166 167 169 170 171 173 174 176 177 179 181 183 185 187 189 191 194 196 198 201 203 206 209 211 214 217 220 222 225 228 231 234 237 240 243 246 249 252 255 
255 252 249 246 243 240 237 234 231 228 225 222 219 216 213 211 208 205 203 200 198 195 193 190 188 186 184 182 180 178 176 174 173 171 170 168 167 166 165 164 163 162 161 161 160 159 159 159 159 158 158 159 159 159 159 160 161 161 162 163 164 165 166 167 168 170 171 173 174 176 178 180 182 184 186 188 190 193 195 198 200 203 205 208 211 213 216 219 222 225 228 231 234 237 240 243 246 249 252 255 
255 252 249 246 243 239 236 233 230 227 224 221 218 216 213 210 207 204 202 199 197 194 192 189 187 185 183 181 179 177 175 173 172 170 169 167 166 165 163 162 161 161 160 159 158 158 158 157 157 157 157 157 157 158 158 158 159 160 161 161 162 163 165 166 167 169 170 172 173 175 177 179 181 183 185 187 189 192 194 197 199 202 204 207 210 213 216 218 221 224 227 230 233 236 239 243 246 249 252 255 
255 252 249 246 242 239 236 233 230 227 224 221 218 215 212 209 206 204 201 198 196 193 191 189 186 184 182 180 178 176 174 172 170 169 167 166 165 163 162 161 160 159 158 158 157 157 156 156 156 156 156 156 156 156 157 157 158 158 159 160 161 162 163 165 166 167 169 170 172 174 176 178 180 182 184 186 189 191 193 196 198 201 204 206 209 212 215 218 221 224 227 230 233 236 239 242 246 249 252 255 
255 252 249 245 242 239 236 233 230 227 223 220 217 214 212 209 206 203 200 198 195 193 190 188 185 183 181 179 177 175 173 171 169 168 166 165 163 162 161 160 159 158 157 157 156 155 155 155 155 154 154 155 155 155 155 156 157 157 158 159 160 161 162 163 165 166 168 169 171 173 175 177 179 181 183 185 188 190 193 195 198 200 203 206 209 212 214 217 220 223 227 230 233 236 239 242 245 249 252 255 
255 252 249 245 242 239 236 232 229 226 223 220 217 214 211 208 205 202 200 197 194 192 189 187 185 182 180 178 176 174 172 170 168 167 165 164 162 161 160 159 158 157 156 155 155 154 154 154 153 153 153 153 154 154 154 155 155 156 157 158 159 160 161 162 164 165 167 168 170 172 174 176 178 180 182 185 187 189 192 194 197 200 202 205 208 211 214 217 220 223 226 229 232 236 239 242 245 249 252 255 
255 252 248 245 242 239 235 232 229 226 223 220 217 214 211 208 205 202 199 196 194 191 189 186 184 182 179 177 175 173 171 169 168 166 164 163 161 160 159 158 157 156 155 154 154 153 153 153 152 152 152 152 153 153 153 154 154 155 156 157 158 159 160 161 163 164 166 168 169 171 173 175 177 179 182 184 186 189 191 194 196 199 202 205 208 211 214 217 220 223 226 229 232 235 239 242 245 248 252 255 
255 252 248 245 242 239 235 232 229 226 222 219 216 213 210 207 204 201 199 196 193 191 188 186 183 181 179 176 174 172 170 168 167 165 163 162 161 159 158 157 156 155 154 153 153 152 152 152 151 151 151 151 152 152 152 153 153 154 155 156 157 158 159 161 162 163 165 167 168 170 172 174 176 179 181 183 186 188 191 193 196 199 201 204 207 210 213 216 219 222 226 229 232 235 239 242 245 248 252 255 
255 252 248 245 242 238 235 232 229 225 222 219 216 213 210 207 204 201 198 195 193 190 188 185 183 180 178 176 174 172 170 168 166 164 163 161 160 158 157 156 155 154 153 153 152 151 151 151 151 150 150 151 151 151 151 152 153 153 154 155 156 157 158 160 161 163 164 166 168 170 172 174 176 178 180 183 185 188 190 193 195 198 201 204 207 210 213 216 219 222 225 229 232 235 238 242 245 248 252 255 
255 252 248 245 242 238 235 232 228 225 222 219 216 213 209 206 204 201 198 195 192 190 187 185 182 180 177 175 173 171 169 167 165 164 162 161 159 158 157 155 154 153 153 152 151 151 150 150 150 150 150 150 150 150 151 151 152 153 153 154 155 157 158 159 161 162 164 165 167 169 171 173 175 177 180 182 185 187 190 192 195 198 201 204 206 209 213 216 219 222 225 228 232 235 238 242 245 248 252 255 
255 252 248 245 242 238 235 232 228 225 222 219 215 212 209 206 203 200 197 195 192 189 187 184 182 179 177 175 173 170 168 167 165 163 161 160 158 157 156 155 154 153 152 151 151 150 150 149 149 149 149 149 149 150 150 151 151 152 153 154 155 156 157 158 160 161 163 165 167 168 170 173 175 177 179 182 184 187 189 192 195 197 200 203 206 209 212 215 219 222 225 228 232 235 238 242 245 248 252 255 
255 252 248 245 241 238 235 231 228 225 222 218 215 212 209 206 203 200 197 194 192 189 186 184 181 179 177 174 172 170 168 166 164 163 161 159 158 157 155 154 153 152 151 151 150 150 149 149 149 149 149 149 149 149 150 150 151 151 152 153 154 155 157 158 159 161 163 164 166 168 170 172 174 177 179 181 184 186 189 192 194 197 200 203 206 209 212 215 218 222 225 228 231 235 238 241 245 248 252 255 
255 252 248 245 241 238 235 231 228 225 221 218 215 212 209 206 203 200 197 194 191 189 186 183 181 179 176 174 172 170 168 166 164 162 161 159 158 156 155 154 153 152 151 150 150 149 149 148 148 148 148 148 148 149 149 150 150 151 152 153 154 155 156 158 159 161 162 164 166 168 170 172 174 176 179 181 183 186 189 191 194 197 200 203 206 209 212 215 218 221 225 228 231 235 238 241 245 248 252 255 
255 252 248 245 241 238 235 231 228 225 221 218 215 212 209 206 203 200 197 194 191 188 186 183 181 178 176 174 172 169 167 166 164 162 160 159 157 156 155 154 153 152 151 150 149 149 148 148 148 148 148 148 148 148 149 149 150 151 152 153 154 155 156 157 159 160 162 164 166 167 169 172 174 176 178 181 183 186 188 191 194 197 200 203 206 209 212 215 218 221 225 228 231 235 238 241 245 248 252 255 
255 252 248 245 241 238 235 231 228 225 221 218 215 212 209 206 203 200 197 194 191 188 186 183 181 178 176 174 171 169 167 165 164 162 160 159 157 156 155 153 152 151 151 150 149 149 148 148 148 148 148 148 148 148 149 149 150 151 151 152 153 155 156 157 159 160 162 164 165 167 169 171 174 176 178 181 183 186 188 191 194 197 200 203 206 209 212 215 218 221 225 228 231 235 238 241 245 248 252 255 
255 252 248 245 241 238 235 231 228 225 221 218 215 212 209 205 202 199 197 194 191 188 186 183 181 178 176 173 171 169 167 165 163 162 160 158 157 156 154 153 152 151 150 150 149 149 148 148 148 147 147 148 148 148 149 149 150 150 151 152 153 154 156 157 158 160 162 163 165 167 169 171 173 176 178 181 183 186 188 191 194 197 199 202 205 209 212 215 218 221 225 228 231 235 238 241 245 248 252 255 
255 252 248 245 241 238 235 231 228 225 221 218 215 212 209 205 202 199 197 194 191 188 186 183 181 178 176 173 171 169 167 165 163 162 160 158 157 156 154 153 152 151 150 150 149 149 148 148 148 147 147 148 148 148 149 149 150 150 151 152 153 154 156 157 158 160 162 163 165 167 169 171 173 176 178 181 183 186 188 191 194 197 199 202 205 209 212 215 218 221 225 228 231 235 238 241 245 248 252 255 
255 252 248 245 241 238 235 231 228 225 221 218 215 212 209 206 203 200 197 194 191 188 186 183 181 178 176 174 171 169 167 165 164 162 160 159 157 156 155 153 152 151 151 150 149 149 148 148 148 148 148 148 148 148 149 149 150 151 151 152 153 155 156 157 159 160 162 164 165 167 169 171 174 176 178 181 183 186 188 191 194 197 200 203 206 209 212 215 218 221 225 228 231 235 238 241 245 248 252 255 
255 252 248 245 241 238 235 231 228 225 221 218 215 212 209 206 203 200 197 194 191 188 186 183 181 178 176 174 172 169 167 166 164 162 160 159 157 156 155 154 153 152 151 150 149 149 148 148 148 148 148 148 148 148 149 149 150 151 152 153 154 155 156 157 159 160 162 164 166 167 169 172 174 176 178 181 183 186 188 191 194 197 200 203 206 209 212 215 218 221 225 228 231 235 238 241 245 248 252 255 
255 252 248 245 241 238 235 231 228 225 221 218 215 212 209 206 203 200 197 194 191 189 186 183 181 179 176 174 172 170 168 166 164 162 161 159 158 156 155 154 153 152 151 150 150 149 149 148 148 148 148 148 148 149 149 150 150 151 152 153 154 155 156 158 159 161 162 164 166 168 170 172 174 176 179 181 183 186 189 191 194 197 200 203 206 209 212 215 218 221 225 228 231 235 238 241 245 248 252 255 
255 252 248 245 241 238 235 231 228 225 222 218 215 212 209 206 203 200 197 194 192 189 186 184 181 179 177 174 172 170 168 166 164 163 161 159 158 157 155 154 153 152 151 151 150 150 149 149 149 149 149 149 149 149 150 150 151 151 152 153 154 155 157 158 159 161 163 164 166 168 170 172 174 177 179 181 184 186 189 192 194 197 200 203 206 209 212 215 218 222 225 228 231 235 238 241 245 248 252 255 
255 252 248 245 242 238 235 232 228 225 222 219 215 212 209 206 203 200 197 195 192 189 187 184 182 179 177 175 173 170 168 167 165 163 161 160 158 157 156 155 154 153 152 151 151 150 150 149 149 149 149 149 149 150 150 151 151 152 153 154 155 156 157 158 160 161 163 165 167 168 170 173 175 177 179 182 184 187 189 192 195 197 200 203 206 209 212 215 219 222 225 228 232 235 238 242 245 248 252 255 
255 252 248 245 242 238 235 232 228 225 222 219 216 213 209 206 204 201 198 195 192 190 187 185 182 180 177 175 173 171 169 167 165 164 162 161 159 158 157 155 154 153 153 152 151 151 150 150 150 150 150 150 150 150 151 151 152 153 153 154 155 157 158 159 161 162 164 165 167 169 171 173 175 177 180 182 185 187 190 192 195 198 201 204 206 209 213 216 219 222 225 228 232 235 238 242 245 248 252 255 
255 252 248 245 242 238 235 232 229 225 222 219 216 213 210 207 204 201 198 195 193 190 188 185 183 180 178 176 174 172 170 168 166 164 163 161 160 158 157 156 155 154 153 153 152 151 151 151 151 150 150 151 151 151 151 152 153 153 154 155 156 157 158 160 161 163 164 166 168 170 172 174 176 178 180 183 185 188 190 193 195 198 201 204 207 210 213 216 219 222 225 229 232 235 238 242 245 248 252 255 
255 252 248 245 242 239 235 232 229 226 222 219 216 213 210 207 204 201 199 196 193 191 188 186 183 181 179 176 174 172 170 168 167 165 163 162 161 159 158 157 156 155 154 153 153 152 152 152 151 151 151 151 152 152 152 153 153 154 155 156 157 158 159 161 162 163 165 167 168 170 172 174 176 179 181 183 186 188 191 193 196 199 201 204 207 210 213 216 219 222 226 229 232 235 239 242 245 248 252 255 
255 252 248 245 242 239 235 232 229 226 223 220 217 214 211 208 205 202 199 196 194 191 189 186 184 182 179 177 175 173 171 169 168 166 164 163 161 160 159 158 157 156 155 154 154 153 153 153 152 152 152 152 153 153 153 154 154 155 156 157 158 159 160 161 163 164 166 168 169 171 173 175 177 179 182 184 186 189 191 194 196 199 202 205 208 211 214 217 220 223 226 229 232 235 239 242 245 248 252 255 
255 252 249 245 242 239 236 232 229 226 223 220 217 214 211 208 205 202 200 197 194 192 189 187 185 182 180 178 176 174 172 170 168 167 165 164 162 161 160 159 158 157 156 155 155 154 154 154 153 153 153 153 154 154 154 155 155 156 157 158 159 160 161 162 164 165 167 168 170 172 174 176 178 180 182 185 187 189 192 194 197 200 202 205 208 211 214 217 220 223 226 229 232 236 239 242 245 249 252 255 
255 252 249 245 242 239 236 233 230 227 223 220 217 214 212 209 206 203 200 198 195 193 190 188 185 183 181 179 177 175 173 171 169 168 166 165 163 162 161 160 159 158 157 157 156 155 155 155 155 154 154 155 155 155 155 156 157 157 158 159 160 161 162 163 165 166 168 169 171 173 175 177 179 181 183 185 188 190 193 195 198 200 203 206 209 212 214 217 220 223 227 230 233 236 239 242 245 249 252 255 
255 252 249 246 242 239 236 233 230 227 224 221 218 215 212 209 206 204 201 198 196 193 191 189 186 184 182 180 178 176 174 172 170 169 167 166 165 163 162 161 160 159 158 158 157 157 156 156 156 156 156 156 156 156 157 157 158 158 159 160 161 162 163 165 166 167 169 170 172 174 176 178 180 182 184 186 189 191 193 196 198 201 204 206 209 212 215 218 221 224 227 230 233 236 239 242 246 249 252 255 
255 252 249 246 243 239 236 233 230 227 224 221 218 216 213 210 207 204 202 199 197 194 192 189 187 185 183 181 179 177 175 173 172 170 169 167 166 165 163 162 161 161 160 159 158 158 158 157 157 157 157 157 157 158 158 158 159 160 161 161 162 163 165 166 167 169 170 172 173 175 177 179 181 183 185 187 189 192 194 197 199 202 204 207 210 213 216 218 221 224 227 230 233 236 239 243 246 249 252 255 
255 252 249 246 243 240 237 234 231 228 225 222 219 216 213 211 208 205 203 200 198 195 193 190 188 186 184 182 180 178 176 174 173 171 170 168 167 166 165 164 163 162 161 161 160 159 159 159 159 158 158 159 159 159 159 160 161 161 162 163 164 165 166 167 168 170 171 173 174 176 178 180 182 184 186 188 190 193 195 198 200 203 205 208 211 213 216 219 222 225 228 231 234 237 240 243 246 249 252 255 
255 252 249 246 243 240 237 234 231 228 225 222 220 217 214 211 209 206 203 201 198 196 194 191 189 187 185 183 181 179 177 176 174 173 171 170 169 167 166 165 164 163 163 162 161 161 161 160 160 160 160 160 160 161 161 161 162 163 163 164 165 166 167 169 170 171 173 174 176 177 179 181 183 185 187 189 191 194 196 198 201 203 206 209 211 214 217 220 222 225 228 231 234 237 240 243 246 249 252 255 
255 252 249 246 243 240 237 234 231 229 226 223 220 217 215 212 209 207 204 202 199 197 195 193 190 188 186 184 182 181 179 177 176 174 173 171 170 169 168 167 166 165 164 164 163 163 162 162 162 162 162 162 162 162 163 163 164 164 165 166 167 168 169 170 171 173 174 176 177 179 181 182 184 186 188 190 193 195 197 199 202 204 207 209 212 215 217 220 223 226 229 231 234 237 240 243 246 249 252 255 
255 252 249 246 243 240 238 235 232 229 226 224 221 218 215 213 210 208 205 203 200 198 196 194 192 190 188 186 184 182 180 179 177 176 174 173 172 170 169 168 168 167 166 165 165 164 164 164 164 163 163 164 164 164 164 165 165 166 167 168 168 169 170 172 173 174 176 177 179 180 182 184 186 188 190 192 194 196 198 200 203 205 208 210 213 215 218 221 224 226 229 232 235 238 240 243 246 249 252 255 
255 252 249 246 244 241 238 235 232 230 227 224 221 219 216 214 211 209 206 204 202 199 197 195 193 191 189 187 185 183 182 180 179 177 176 174 173 172 171 170 169 168 168 167 167 166 166 166 165 165 165 165 166 166 166 167 167 168 168 169 170 171 172 173 174 176 177 179 180 182 183 185 187 189 191 193 195 197 199 202 204 206 209 211 214 216 219 221 224 227 230 232 235 238 241 244 246 249 252 255 
255 252 249 247 244 241 238 236 233 230 227 225 222 220 217 215 212 210 207 205 203 201 198 196 194 192 190 188 187 185 183 182 180 179 177 176 175 174 173 172 171 170 170 169 168 168 168 167 167 167 167 167 167 168 168 168 169 170 170 171 172 173 174 175 176 177 179 180 182 183 185 187 188 190 192 194 196 198 201 203 205 207 210 212 215 217 220 222 225 227 230 233 236 238 241 244 247 249 252 255 
255 252 250 247 244 241 239 236 233 231 228 225 223 220 218 215 213 211 208 206 204 202 200 198 196 194 192 190 188 187 185 183 182 181 179 178 177 176 175 174 173 172 172 171 170 170 170 169 169 169 169 169 169 170 170 170 171 172 172 173 174 175 176 177 178 179 181 182 183 185 187 188 190 192 194 196 198 200 202 204 206 208 211 213 215 218 220 223 225 228 231 233 236 239 241 244 247 250 252 255 
255 252 250 247 244 242 239 236 234 231 229 226 224 221 219 216 214 212 210 207 205 203 201 199 197 195 193 192 190 188 187 185 184 182 181 180 179 178 177 176 175 174 174 173 173 172 172 172 171 171 171 171 172 172 172 173 173 174 174 175 176 177 178 179 180 181 182 184 185 187 188 190 192 193 195 197 199 201 203 205 207 210 212 214 216 219 221 224 226 229 231 234 236 239 242 244 247 250 252 255 
255 252 250 247 245 242 239 237 234 232 229 227 225 222 220 217 215 213 211 209 206 204 202 200 199 197 195 193 192 190 188 187 186 184 183 182 181 180 179 178 177 176 176 175 175 174 174 174 174 173 173 174 174 174 174 175 175 176 176 177 178 179 180 181 182 183 184 186 187 188 190 192 193 195 197 199 200 202 204 206 209 211 213 215 217 220 222 225 227 229 232 234 237 239 242 245 247 250 252 255 
255 252 250 247 245 242 240 237 235 233 230 228 225 223 221 219 216 214 212 210 208 206 204 202 200 198 197 195 193 192 190 189 188 186 185 184 183 182 181 180 179 179 178 177 177 177 176 176 176 176 176 176 176 176 177 177 177 178 179 179 180 181 182 183 184 185 186 188 189 190 192 193 195 197 198 200 202 204 206 208 210 212 214 216 219 221 223 225 228 230 233 235 237 240 242 245 247 250 252 255 
255 253 250 248 245 243 240 238 236 233 231 229 226 224 222 220 217 215 213 211 209 207 205 204 202 200 198 197 195 194 192 191 190 188 187 186 185 184 183 182 182 181 180 180 179 179 179 178 178 178 178 178 178 179 179 179 180 180 181 182 182 183 184 185 186 187 188 190 191 192 194 195 197 198 200 202 204 205 207 209 211 213 215 217 220 222 224 226 229 231 233 236 238 240 243 245 248 250 253 255 
255 253 250 248 246 243 241 238 236 234 232 229 227 225 223 221 219 217 215 213 211 209 207 205 203 202 200 199 197 196 194 193 192 190 189 188 187 186 185 185 184 183 183 182 182 181 181 181 181 181 181 181 181 181 181 182 182 183 183 184 185 185 186 187 188 189 190 192 193 194 196 197 199 200 202 203 205 207 209 211 213 215 217 219 221 223 225 227 229 232 234 236 238 241 243 246 248 250 253 255 
255 253 250 248 246 244 241 239 237 235 232 230 228 226 224 222 220 218 216 214 212 210 209 207 205 204 202 200 199 198 196 195 194 193 191 190 189 189 188 187 186 186 185 185 184 184 183 183 183 183 183 183 183 183 184 184 185 185 186 186 187 188 189 189 190 191 193 194 195 196 198 199 200 202 204 205 207 209 210 212 214 216 218 220 222 224 226 228 230 232 235 237 239 241 244 246 248 250 253 255 
255 253 251 248 246 244 242 240 237 235 233 231 229 227 225 223 221 219 217 215 214 212 210 209 207 205 204 202 201 200 198 197 196 195 194 193 192 191 190 189 189 188 188 187 187 186 186 186 186 186 186 186 186 186 186 187 187 188 188 189 189 190 191 192 193 194 195 196 197 198 200 201 202 204 205 207 209 210 212 214 215 217 219 221 223 225 227 229 231 233 235 237 240 242 244 246 248 251 253 255 
255 253 251 249 246 244 242 240 238 236 234 232 230 228 226 224 222 221 219 217 215 214 212 210 209 207 206 204 203 202 201 199 198 197 196 195 194 193 193 192 191 191 190 190 189 189 189 188 188 188 188 188 188 189 189 189 190 190 191 191 192 193 193 194 195 196 197 198 199 201 202 203 204 206 207 209 210 212 214 215 217 219 221 222 224 226 228 230 232 234 236 238 240 242 244 246 249 251 253 255 
255 253 251 249 247 245 243 241 239 237 235 233 231 229 227 226 224 222 220 219 217 215 214 212 211 209 208 206 205 204 203 202 200 199 198 198 197 196 195 194 194 193 193 192 192 192 191 191 191 191 191 191 191 191 192 192 192 193 193 194 194 195 196 197 198 198 199 200 202 203 204 205 206 208 209 211 212 214 215 217 219 220 222 224 226 227 229 231 233 235 237 239 241 243 245 247 249 251 253 255 
255 253 251 249 247 245 243 241 240 238 236 234 232 230 229 227 225 223 222 220 219 217 215 214 213 211 210 209 207 206 205 204 203 202 201 200 199 198 198 197 196 196 195 195 195 194 194 194 194 194 194 194 194 194 194 195 195 195 196 196 197 198 198 199 200 201 202 203 204 205 206 207 209 210 211 213 214 215 217 219 220 222 223 225 227 229 230 232 234 236 238 240 241 243 245 247 249 251 253 255 
255 253 251 249 248 246 244 242 240 238 237 235 233 231 230 228 226 225 223 222 220 219 217 216 215 213 212 211 210 208 207 206 205 204 203 203 202 201 200 200 199 199 198 198 197 197 197 197 197 197 197 197 197 197 197 197 198 198 199 199 200 200 201 202 203 203 204 205 206 207 208 210 211 212 213 215 216 217 219 220 222 223 225 226 228 230 231 233 235 237 238 240 242 244 246 248 249 251 253 255 
255 253 251 250 248 246 244 243 241 239 238 236 234 233 231 229 228 226 225 223 222 221 219 218 217 215 214 213 212 211 210 209 208 207 206 205 204 204 203 202 202 201 201 201 200 200 200 200 200 199 199 200 200 200 200 200 201 201 201 202 202 203 204 204 205 206 207 208 209 210 211 212 213 214 215 217 218 219 221 222 223 225 226 228 229 231 233 234 236 238 239 241 243 244 246 248 250 251 253 255 
255 253 252 250 248 247 245 243 242 240 239 237 235 234 232 231 229 228 226 225 224 222 221 220 219 217 216 215 214 213 212 211 210 209 209 208 207 206 206 205 205 204 204 204 203 203 203 203 203 202 202 203 203 203 203 203 204 204 204 205 205 206 206 207 208 209 209 210 211 212 213 214 215 216 217 219 220 221 222 224 225 226 228 229 231 232 234 235 237 239 240 242 243 245 247 248 250 252 253 255 
255 253 252 250 249 247 246 244 242 241 239 238 236 235 234 232 231 229 228 227 226 224 223 222 221 220 219 217 216 215 215 214 213 212 211 211 210 209 209 208 208 207 207 206 206 206 206 206 206 205 205 206 206 206 206 206 206 207 207 208 208 209 209 210 211 211 212 213 214 215 215 216 217 219 220 221 222 223 224 226 227 228 229 231 232 234 235 236 238 239 241 242 244 246 247 249 250 252 253 255 
255 254 252 251 249 248 246 245 243 242 240 239 238 236 235 234 232 231 230 229 227 226 225 224 223 222 221 220 219 218 217 216 215 215 214 213 213 212 212 211 211 210 210 209 209 209 209 209 209 209 209 209 209 209 209 209 209 210 210 211 211 212 212 213 213 214 215 215 216 217 218 219 220 221 222 223 224 225 226 227 229 230 231 232 234 235 236 238 239 240 242 243 245 246 248 249 251 252 254 255 
255 254 252 251 249 248 247 245 244 243 241 240 239 238 236 235 234 233 231 230 229 228 227 226 225 224 223 222 221 220 220 219 218 217 217 216 216 215 214 214 214 213 213 213 212 212 212 212 212 212 212 212 212 212 212 212 213 213 213 214 214 214 215 216 216 217 217 218 219 220 220 221 222 223 224 225 226 227 228 229 230 231 233 234 235 236 238 239 240 241 243 244 245 247 248 249 251 252 254 255 
255 254 252 251 250 249 247 246 245 244 242 241 240 239 238 236 235 234 233 232 231 230 229 228 227 226 225 225 224 223 222 221 221 220 220 219 218 218 217 217 217 216 216 216 215 215 215 215 215 215 215 215 215 215 215 215 216 216 216 217 217 217 218 218 219 220 220 221 221 222 223 224 225 225 226 227 228 229 230 231 232 233 234 235 236 238 239 240 241 242 244 245 246 247 249 250 251 252 254 255 
255 254 253 251 250 249 248 247 246 245 243 242 241 240 239 238 237 236 235 234 233 232 231 230 229 229 228 227 226 225 225 224 224 223 222 222 221 221 220 220 220 219 219 219 219 218 218 218 218 218 218 218 218 218 218 219 219 219 219 220 220 220 221 221 222 222 223 224 224 225 225 226 227 228 229 229 230 231 232 233 234 235 236 237 238 239 240 241 242 243 245 246 247 248 249 250 251 253 254 255 
255 254 253 252 251 250 249 248 246 245 244 243 242 241 240 239 239 238 237 236 235 234 233 232 232 231 230 229 229 228 227 227 226 226 225 225 224 224 223 223 223 222 222 222 222 222 221 221 221 221 221 221 221 221 222 222 222 222 222 223 223 223 224 224 225 225 226 226 227 227 228 229 229 230 231 232 232 233 234 235 236 237 238 239 239 240 241 242 243 244 245 246 248 249 250 251 252 253 254 255 
255 254 253 252 251 250 249 248 247 246 245 245 244 243 242 241 240 239 238 238 237 236 235 235 234 233 233 232 231 231 230 230 229 229 228 228 227 227 227 226 226 226 225 225 225 225 225 225 225 225 225 225 225 225 225 225 225 225 226 226 226 227 227 227 228 228 229 229 230 230 231 231 232 233 233 234 235 235 236 237 238 238 239 240 241 242 243 244 245 245 246 247 248 249 250 251 252 253 254 255 
255 254 253 252 252 251 250 249 248 247 246 246 245 244 243 242 242 241 240 240 239 238 237 237 236 236 235 234 234 233 233 232 232 231 231 231 230 230 230 229 229 229 229 228 228 228 228 228 228 228 228 228 228 228 228 228 228 229 229 229 229 230 230 230 231 231 231 232 232 233 233 234 234 235 236 236 237 237 238 239 240 240 241 242 242 243 244 245 246 246 247 248 249 250 251 252 252 253 254 255 
255 254 253 253 252 251 250 250 249 248 248 247 246 245 245 244 243 243 242 241 241 240 240 239 238 238 237 237 236 236 236 235 235 234 234 234 233 233 233 232 232 232 232 232 232 231 231 231 231 231 231 231 231 231 231 232 232 232 232 232 232 233 233 233 234 234 234 235 235 236 236 236 237 237 238 238 239 240 240 241 241 242 243 243 244 245 245 246 247 248 248 249 250 250 251 252 253 253 254 255 
255 254 254 253 252 252 251 250 250 249 249 248 247 247 246 246 245 244 244 243 243 242 242 241 241 240 240 239 239 239 238 238 238 237 237 237 236 236 236 236 235 235 235 235 235 235 235 235 235 235 235 235 235 235 235 235 235 235 235 235 236 236 236 236 237 237 237 238 238 238 239 239 239 240 240 241 241 242 242 243 243 244 244 245 246 246 247 247 248 249 249 250 250 251 252 252 253 254 254 255 
255 254 254 253 253 252 252 251 251 250 250 249 249 248 248 247 247 246 246 245 245 244 244 244 243 243 242 242 242 241 241 241 240 240 240 240 239 239 239 239 239 239 238 238 238 238 238 238 238 238 238 238 238 238 238 238 238 238 239 239 239 239 239 239 240 240 240 240 241 241 241 242 242 242 243 243 244 244 244 245 245 246 246 247 247 248 248 249 249 250 250 251 251 252 252 253 253 254 254 255 
255 255 254 254 253 253 252 252 252 251 251 250 250 249 249 249 248 248 248 247 247 246 246 246 246 245 245 245 244 244 244 244 243 243 243 243 243 242 242 242 242 242 242 242 242 241 241 241 241 241 241 241 241 241 241 242 242 242 242 242 242 242 242 243 243 243 243 243 244 244 244 244 245 245 245 246 246 246 246 247 247 248 248 248 249 249 249 250 250 251 251 252 252 252 253 253 254 254 255 255 
255 255 254 254 254 253 253 253 252 252 252 251 251 251 251 250 250 250 249 249 249 249 248 248 248 248 247 247 247 247 247 246 246 246 246 246 246 246 245 245 245 245 245 245 245 245 245 245 245 245 245 245 245 245 245 245 245 245 245 245 245 245 246 246 246 246 246 246 246 247 247 247 247 247 248 248 248 248 249 249 249 249 250 250 250 251 251 251 251 252 252 252 253 253 253 254 254 254 255 255 
255 255 255 254 254 254 254 253 253 253 253 253 252 252 252 252 252 251 251 251 251 251 251 250 250 250 250 250 250 250 249 249 249 249 249 249 249 249 249 249 248 248 248 248 248 248 248 248 248 248 248 248 248 248 248 248 248 248 248 248 249 249 249 249 249 249 249 249 249 249 250 250 250 250 250 250 250 251 251 251 251 251 251 252 252 252 252 252 253 253 253 253 253 254 254 254 254 255 255 255 
255 255 255 255 255 254 254 254 254 254 254 254 254 254 254 253 253 253 253 253 253 253 253 253 253 253 252 252 252 252 252 252 252 252 252 252 252 252 252 252 252 252 252 252 252 252 252 252 252 252 252 252 252 252 252 252 252 252 252 252 252 252 252 252 252 252 252 252 252 252 252 252 252 252 253 253 253 253 253 253 253 253 253 253 253 254 254 254 254 254 254 254 254 254 254 255 255 255 255 255 
255 255 255 255 255 255 255 255 255 255 255 255 255 255 255 255 255 255 255 255 255 255 255 255 255 255 255 255 255 255 255 255 255 255 255 255 255 255 255 255 255 255 255 255 255 255 255 255 255 255 255 255 255 255 255 255 255 255 255 255 255 255 255 255 255 255 255 255 255 255 255 255 255 255 255 255 255 255 255 255 255 255 255 255 255 255 255 255 255 255 255 255 255 255 255 255 255 255 255 255 
